53
67
25
66
71
72
100
21
96
28
81
104
39
34
94
4
151
97
98
13
56
76
155
47
77
55
18
0
0
6
57
20
163
0
23
0
3
60
10
52
89
79
27
62
45
88
12
8
82
26
102
17
78
51
54
36
43
50
101
30
48
64
37
69
33
16
1
19
91
92
95
153
164
165
14
99
35
68
158
93
11
42
152
161
24
2
58
7
5
65
160
162
90
49
40
87
86
59
29
9
80
74
157
15
156
61
0
0
0
0
0
0
0
0
0
0
0
0
0
0
0
0
0
0
0
2
0
0
0
0
0
0
0
0
0
0
0
0
0
0
0
0
0
63
59
1
18
17
29
16
45
46
43
26
15
42
67
61
4
19
11
51
3
31
0
41
68
30
27
64
54
2
5
38
36
14
37
44
33
62
47
39
7
9
65
48
40
6
12
34
13
57
56
23
49
28
24
0
21
8
10
35
25
66
20
50
0
0
0
2